# i j cov
# order is xi+_0,xi+_1,...,xi-_0,xi-_1,.... from small scales to large in each
# tomo bins are in c order (i.e. 0,0 0,1 0,2 1,0 1,2 2,2) w/ internal order as above
0 0 2.20404780193153215589e-10
0 1 2.66754792287033818159e-12
0 2 3.16312387021990274311e-12
0 3 2.13464780873210410519e-13
0 4 -1.85398331880395977943e-14
0 5 -1.07047633116486406240e-14
0 6 1.86641031416008421994e-11
0 7 1.53237488497736426641e-11
0 8 1.70484577707301209076e-12
0 9 2.86285169102031653200e-12
0 10 3.27632151619405642316e-13
0 11 7.01739065524160566854e-13
0 12 4.27794057206181320026e-11
0 13 1.42706787118654797676e-11
0 14 8.19177227718562851623e-12
0 15 -2.37837482388648081530e-14
0 16 5.19705290159557042510e-13
0 17 1.24825523990990584762e-13
0 18 -2.71318269142575303493e-12
0 19 -4.73094496417639790516e-12
0 20 3.17912636110080655137e-12
0 21 1.80854738375416905023e-12
0 22 1.53439439061876575025e-12
0 23 4.44814871951829534098e-13
0 24 1.29194979740067169090e-11
0 25 1.39718868421445273991e-11
0 26 1.14834497762886558886e-12
0 27 2.36972068451838276766e-13
0 28 -6.62603930404068046459e-13
0 29 3.60685824149506327868e-13
0 30 -3.73658558773061558419e-12
0 31 -9.19526136610599746792e-12
0 32 1.36623600322749856047e-12
0 33 2.30192526864566292135e-12
0 34 1.14238849990909766176e-12
0 35 8.64106153452839526734e-13
0 36 1.26717865348801744954e-11
0 37 8.13088681903614500057e-12
0 38 6.50528909787938913974e-12
0 39 2.45387626981749567238e-12
0 40 3.44763832127072717463e-12
0 41 1.12282396502078689386e-13
0 42 -5.69693314541880784331e-12
0 43 1.25360006121368425173e-11
0 44 -9.88946521653277279442e-13
0 45 1.27513014782992531343e-12
0 46 2.50295687558185156881e-12
0 47 1.38207035071228993780e-12
0 48 2.41706422260372818243e-11
0 49 9.86688134855319974698e-12
0 50 5.91772499058600609283e-12
0 51 4.79918413905387263357e-12
0 52 2.21981758306698677505e-12
0 53 5.44601682370790219307e-14
0 54 1.44851188895881465139e-11
0 55 3.44899544345912478578e-12
0 56 2.99772459678082520643e-12
0 57 2.94667034401004450199e-12
0 58 8.77477440286041488859e-13
0 59 9.84559349378525256844e-13
0 60 4.54836382547368167090e-12
0 61 1.74969585740890033142e-11
0 62 8.43350240504691097182e-12
0 63 1.74649549672458318883e-12
0 64 3.37879879889435619906e-12
0 65 -1.38717147558543185666e-13
0 66 2.78853892677293233143e-11
0 67 7.35315394872448495443e-12
0 68 -1.89359450610634606980e-13
0 69 4.65245325261107304068e-12
0 70 1.98940888536088535497e-12
0 71 1.80437033241613084785e-13
1 0 2.66754792287033818159e-12
1 1 4.50676338291479610741e-11
1 2 2.55096401715024316095e-12
1 3 2.12585445006950661578e-12
1 4 7.38420448732940101107e-13
1 5 5.22078764770814976920e-13
1 6 -4.16457500553082235357e-12
1 7 6.59397818958756425809e-12
1 8 -1.26111950333675964855e-12
1 9 -6.88936783695881033928e-14
1 10 -4.48021128421971106236e-13
1 11 4.29885907531701877956e-13
1 12 4.08206560860941746667e-12
1 13 5.86026858201386112618e-12
1 14 3.23704888628501909128e-12
1 15 1.12802032033313953657e-12
1 16 1.06437819128076946316e-12
1 17 6.92308501806441034289e-13
1 18 3.43579342991157775007e-12
1 19 -2.46911363983499641917e-13
1 20 7.95065505011391034438e-13
1 21 1.28829966938569605971e-12
1 22 6.00882089460102662636e-13
1 23 5.36814026883300638149e-13
1 24 1.54938868897548682486e-11
1 25 6.28979810321158914244e-12
1 26 6.19701355126087538169e-12
1 27 1.14435223538119437503e-12
1 28 1.02288667051103782966e-12
1 29 6.94219040391984873358e-13
1 30 1.05444591618727854603e-11
1 31 3.87948426830785841724e-12
1 32 1.70813504414349462005e-13
1 33 2.73262295623094254693e-13
1 34 7.28551658416397643830e-13
1 35 4.95792974180737432094e-13
1 36 1.54539871637122392928e-11
1 37 1.11792372760575996629e-12
1 38 2.76416173769037755748e-12
1 39 -1.43158329745040082877e-13
1 40 5.86684807750803533292e-13
1 41 7.22408763802900281987e-13
1 42 1.23192852275177804433e-11
1 43 5.60557763167151968538e-12
1 44 1.79730388934176938111e-12
1 45 3.49259056305970177123e-13
1 46 3.27163956677937076649e-13
1 47 2.90291054014378364577e-13
1 48 5.30820808730685631925e-12
1 49 5.70610410282907526390e-12
1 50 3.12662499855100566661e-12
1 51 8.46411834915028451450e-13
1 52 1.17011700315981757172e-12
1 53 7.20782185712202622036e-13
1 54 8.19518070810095599200e-12
1 55 4.37188737277978257534e-12
1 56 5.74629394050731649015e-13
1 57 1.72479784024186487130e-12
1 58 6.38708328927170269440e-13
1 59 6.03076082721976231134e-13
1 60 1.67698754503473074385e-11
1 61 1.73641695291417228540e-12
1 62 3.73585802525844614819e-12
1 63 1.28781905066267397407e-12
1 64 2.54361177331796661267e-13
1 65 3.84116336435045744017e-13
1 66 5.22794418130011856930e-12
1 67 6.81985427030116530028e-12
1 68 1.80765715958355379026e-12
1 69 5.37505813595268622018e-13
1 70 1.16297228712149272280e-12
1 71 5.51076814652313541612e-13
2 0 3.16312387021990274311e-12
2 1 2.55096401715024316095e-12
2 2 1.11653396469961420338e-11
2 3 9.16851018641334052738e-13
2 4 5.42764371351596722608e-13
2 5 -2.88740455027742296466e-14
2 6 5.10658109620125549794e-13
2 7 9.03469213210485174857e-13
2 8 8.35591138976705359076e-14
2 9 -1.74621419788678844055e-13
2 10 1.89072196720346838240e-13
2 11 6.33175885444873284975e-14
2 12 1.02673122775753176845e-11
2 13 1.08513686446212609601e-12
2 14 3.02491512018395374920e-12
2 15 6.27877019140284090670e-13
2 16 6.52149112106717518579e-13
2 17 -4.07166416321860812824e-14
2 18 2.38917195679497563306e-12
2 19 -1.84372287960837565072e-12
2 20 1.45641950281326290426e-13
2 21 1.02508154691143481655e-13
2 22 4.25929462808995858656e-13
2 23 2.42191891560372324631e-13
2 24 6.60467055757743958119e-12
2 25 2.71626796151826155002e-12
2 26 3.39874323191431828482e-12
2 27 1.20316707553361948352e-12
2 28 5.01396968409459103311e-13
2 29 -8.05908775822196686085e-15
2 30 1.74599065277241930095e-12
2 31 1.70538294323191496422e-12
2 32 8.08577706373186663589e-13
2 33 3.59201886708610047895e-13
2 34 4.18124391858245109729e-13
2 35 2.47838642561831999244e-13
2 36 -2.94868165137391999302e-12
2 37 5.03057376424273686188e-12
2 38 -2.94157835800785324592e-13
2 39 9.14234056187907687283e-13
2 40 4.13676942789709561084e-13
2 41 -2.48709313914671975179e-13
2 42 -1.65847845546987289298e-12
2 43 -1.01969391766261404480e-12
2 44 -1.24237101302920108053e-13
2 45 -5.12649522675909821099e-13
2 46 2.31527311662424182365e-13
2 47 4.77556032871711893196e-13
2 48 4.92276951085685635839e-12
2 49 1.40872842144936467785e-12
2 50 1.19373043051757988384e-12
2 51 9.25928512693570384236e-13
2 52 3.37422641152897639585e-13
2 53 -2.41376290004627068213e-13
2 54 -5.84437098767637933304e-13
2 55 -1.71074666848647618180e-12
2 56 1.96713882906559893584e-12
2 57 7.48357992956528670568e-14
2 58 2.11143787472800416578e-13
2 59 5.06248984378127279936e-13
2 60 -3.98994075067768335728e-12
2 61 2.68757244769602959426e-12
2 62 7.38272486104199021682e-13
2 63 1.34594966408087477237e-12
2 64 1.09497103812173484974e-13
2 65 -2.80307472750749552960e-13
2 66 2.06307835892251412251e-12
2 67 1.67642699206888812339e-12
2 68 -1.63328545549068445045e-13
2 69 8.14501165769974387594e-13
2 70 6.97035895300605370907e-13
2 71 3.53108473790178404336e-13
3 0 2.13464780873210410519e-13
3 1 2.12585445006950661578e-12
3 2 9.16851018641334052738e-13
3 3 2.77699416133085476755e-12
3 4 3.32082243751754595676e-13
3 5 3.40281629273501426506e-14
3 6 3.56284175132540465604e-12
3 7 6.70607479858415604610e-13
3 8 5.40101327967162539244e-13
3 9 -6.75704663412269602587e-14
3 10 8.36384749282874483908e-15
3 11 1.54212610937076235441e-13
3 12 3.58806566258328311074e-12
3 13 1.05207584713079411557e-12
3 14 1.23571367197994752199e-12
3 15 9.96106250940199959295e-13
3 16 2.78072210740874775565e-13
3 17 1.65356968316336130861e-13
3 18 1.48022336430351914596e-12
3 19 -1.75657398041124747447e-12
3 20 4.67237691385630959618e-13
3 21 1.46183883386500851091e-13
3 22 2.20218972538582202146e-13
3 23 2.00597336334085494841e-13
3 24 6.36810024294838932185e-13
3 25 1.61497457325628201313e-12
3 26 1.55620030580075484491e-12
3 27 8.77250713877618853814e-13
3 28 2.67978576401635909685e-13
3 29 1.37036648421884844095e-13
3 30 2.27270262376318777461e-12
3 31 2.38614665334063450719e-13
3 32 2.45999129650600812141e-13
3 33 1.79039763326775423742e-14
3 34 3.57189201034523710577e-13
3 35 2.19705756066825794732e-13
3 36 6.61670772915295223707e-12
3 37 8.56312280442755851447e-13
3 38 3.62258804171693192065e-13
3 39 9.73812724682666602829e-13
3 40 3.31243325173899588850e-13
3 41 2.01202541084908854592e-13
3 42 -1.56202766028530047157e-12
3 43 -1.54262406770324905009e-12
3 44 8.79837937172022216678e-13
3 45 1.36623049895823353132e-13
3 46 1.34180234341965889831e-14
3 47 1.37745544502150318723e-13
3 48 1.74710880064784612738e-12
3 49 2.23249977499901519907e-12
3 50 1.38607874761260950376e-12
3 51 9.51836125076930923119e-13
3 52 3.44707590922096149233e-13
3 53 1.72392158995434004236e-13
3 54 1.30657523567548448125e-12
3 55 -3.66333885002402141945e-14
3 56 2.50251705341455535986e-13
3 57 3.90044020256408198521e-13
3 58 2.45101128923840215939e-13
3 59 1.72544816910655557379e-13
3 60 3.16187192680410962969e-12
3 61 1.75653635015038795714e-12
3 62 2.08201867020586038219e-12
3 63 1.01818546897164516137e-12
3 64 3.11627798738326814979e-13
3 65 2.16861043158050483242e-13
3 66 -1.44546651075248170384e-13
3 67 1.12221323122846136458e-12
3 68 6.28184466061832554871e-13
3 69 2.55106074746662978933e-13
3 70 2.53998238704661607859e-13
3 71 3.09102449941833477497e-13
4 0 -1.85398331880395977943e-14
4 1 7.38420448732940101107e-13
4 2 5.42764371351596722608e-13
4 3 3.32082243751754595676e-13
4 4 8.50362229704279738643e-13
4 5 8.79514435189159652391e-14
4 6 -1.88095543289193663562e-12
4 7 1.01883951925210938905e-12
4 8 3.33539149900163808105e-13
4 9 -7.32851733885695070384e-14
4 10 -4.88637326377518249470e-14
4 11 3.39162751604862765963e-14
4 12 1.03914254583985890015e-12
4 13 6.49535524320456706314e-13
4 14 2.71024565822820668054e-13
4 15 3.20608111798967869008e-13
4 16 3.99322280827801353813e-13
4 17 1.25449275375029392928e-13
4 18 2.14986308741870679055e-13
4 19 2.00880194115963235867e-13
4 20 6.40351575442186216919e-14
4 21 8.18193153253569229821e-14
4 22 2.02901583461420026184e-14
4 23 4.32511935755474118627e-14
4 24 -6.80055404168901432399e-13
4 25 7.67555865342648329309e-13
4 26 7.65706781522366822160e-13
4 27 3.04735531062682635208e-13
4 28 4.69250942866802522839e-13
4 29 1.72821949035329493794e-13
4 30 -8.60290759496107033631e-13
4 31 7.33513565841480305282e-13
4 32 6.81544744342144192497e-14
4 33 1.48636910255477027291e-14
4 34 -1.29591439374910502431e-14
4 35 2.95282970524912514825e-14
4 36 2.27540854345883410300e-12
4 37 4.15361863313693197898e-14
4 38 6.65624162508095530242e-13
4 39 5.43246307684778114988e-13
4 40 2.69193420937793908394e-13
4 41 1.99086090970827258403e-13
4 42 3.99834495640021813868e-13
4 43 -4.86562675415479359848e-13
4 44 9.84751252139074356215e-14
4 45 3.13185161644173700545e-14
4 46 7.29266139609782841916e-14
4 47 4.79598733088513592143e-14
4 48 3.39415176349157754860e-13
4 49 8.41652698492897822440e-13
4 50 2.00795975366586425880e-13
4 51 4.89120440946292612888e-13
4 52 3.33242178131817067835e-13
4 53 2.32339410422207333326e-13
4 54 3.86191177516779777245e-13
4 55 -7.63687177754543667230e-15
4 56 3.89385807371258387944e-13
4 57 -5.26958577016481165515e-14
4 58 2.48170732458303464900e-14
4 59 7.03397344620678951300e-14
4 60 1.50563254203651128636e-12
4 61 3.97178003946791305011e-13
4 62 5.36208147813680595699e-13
4 63 2.38449386374189877921e-13
4 64 3.38168268932234918972e-13
4 65 2.55279685597643090408e-13
4 66 -7.14824488315430591723e-13
4 67 -1.60205819373350052237e-13
4 68 -3.68672242732634571934e-15
4 69 1.83075421215408275898e-13
4 70 -1.39140933441359384074e-14
4 71 1.48913543290716251891e-14
5 0 -1.07047633116486406240e-14
5 1 5.22078764770814976920e-13
5 2 -2.88740455027742296466e-14
5 3 3.40281629273501426506e-14
5 4 8.79514435189159652391e-14
5 5 1.85772650993197856767e-13
5 6 -1.85271688072182743034e-13
5 7 1.91471209271837524081e-13
5 8 3.77813837744263548595e-14
5 9 -2.94746114748114812266e-14
5 10 4.74128779094883458040e-15
5 11 -1.09640635624946435044e-14
5 12 4.15080288941480860800e-13
5 13 -1.85661072430352878434e-13
5 14 1.81027730241338985264e-13
5 15 2.25118803615518179998e-14
5 16 6.80386248762714910290e-14
5 17 1.48961929141439027494e-13
5 18 3.32630344460358985011e-13
5 19 2.19159820192501275513e-13
5 20 -3.51735519446616546319e-14
5 21 2.74761004828432519429e-14
5 22 -3.92018839744455086701e-16
5 23 -5.69209659830587403194e-15
5 24 5.54169393704900081258e-13
5 25 7.28268361264830977700e-14
5 26 1.00463687868090794613e-13
5 27 2.59013345534400487933e-14
5 28 1.05700707805248057091e-13
5 29 1.75330005415630453533e-13
5 30 -1.19175081819926196069e-13
5 31 6.59452776173143520445e-14
5 32 -4.99245909015103471718e-14
5 33 -2.93544352395664474217e-14
5 34 2.25040759050262148142e-14
5 35 -2.91098566029486444055e-14
5 36 3.73288753521770534561e-14
5 37 -3.13484177771436663800e-13
5 38 1.44852397287043309932e-13
5 39 -4.13023111635930644002e-14
5 40 8.90276584392241511957e-14
5 41 1.58208492974886532880e-13
5 42 -1.35411647205529177206e-13
5 43 2.20028877018262613599e-13
5 44 -1.85323171510308095529e-14
5 45 -4.36029564207715748745e-14
5 46 -7.37286920711826308728e-14
5 47 -1.36311465119565151390e-14
5 48 -2.15629744427687017609e-13
5 49 3.47247714847152858895e-13
5 50 3.80109542195471328363e-14
5 51 1.33673067516657959066e-13
5 52 1.00064651919058264463e-13
5 53 1.80161853761940806042e-13
5 54 -1.07998981432562695987e-13
5 55 -1.61758719543191892349e-13
5 56 -2.82745292810682132005e-14
5 57 -7.07255484316435951759e-14
5 58 -3.16820992419918615207e-15
5 59 3.08824552050665899040e-15
5 60 6.96624764955270610708e-13
5 61 -9.57905536123947239721e-14
5 62 2.93716306893182628611e-13
5 63 1.22455209555520785312e-13
5 64 1.31073610430064331875e-13
5 65 1.65886301117795326866e-13
5 66 1.21533543236756443112e-15
5 67 -1.49120342840972736022e-14
5 68 8.87708071949960373967e-14
5 69 -3.79892824237960466466e-14
5 70 -3.16410490632258938777e-14
5 71 6.73266394032464950391e-15
6 0 1.86641031416008421994e-11
6 1 -4.16457500553082235357e-12
6 2 5.10658109620125549794e-13
6 3 3.56284175132540465604e-12
6 4 -1.88095543289193663562e-12
6 5 -1.85271688072182743034e-13
6 6 2.16717449091588199938e-10
6 7 1.18002561465626556546e-11
6 8 1.93572107878233501939e-12
6 9 1.47836344320483722894e-12
6 10 5.92559982227810424975e-13
6 11 6.60716793027241552024e-13
6 12 1.28998574211105269397e-11
6 13 5.47322941876778838388e-12
6 14 2.22383582596142657008e-12
6 15 -6.02293113810633683374e-13
6 16 -8.70059276961880073225e-13
6 17 -3.06988781710659771773e-13
6 18 -1.75378409411753828338e-11
6 19 -4.88515098369634304182e-12
6 20 1.98146214010737582239e-12
6 21 1.12092340663870640836e-13
6 22 -4.55942598880436244451e-13
6 23 5.35719922124174041967e-13
6 24 1.41210011913085257259e-11
6 25 1.39051981977835169735e-11
6 26 -3.19211652427596407098e-12
6 27 3.25087062530196395666e-12
6 28 -7.09340674605156129282e-13
6 29 -1.07795790419614990494e-12
6 30 1.97353517966258104679e-11
6 31 6.33876946907876628295e-12
6 32 9.24342579247176575596e-13
6 33 -1.72030255377106522709e-12
6 34 2.09549183600769406998e-13
6 35 1.06456523401561319956e-12
6 36 -3.26274451801778896379e-11
6 37 7.35099237830316252845e-12
6 38 -6.39255108002611265042e-12
6 39 -1.96213885557848070702e-12
6 40 -7.64470628805053264619e-13
6 41 -4.57806494276298350516e-13
6 42 2.47835218481696880652e-11
6 43 -6.07155349209914632655e-12
6 44 3.16201174744931141069e-12
6 45 8.67556620965224272077e-13
6 46 -9.09334537426050252935e-13
6 47 3.39937176058114857329e-13
6 48 1.18342069157789865113e-12
6 49 -8.23749586975232745034e-12
6 50 1.48929796158852730049e-12
6 51 -1.67354158827142353337e-12
6 52 4.73049068667659134291e-13
6 53 -6.66266475632509160670e-13
6 54 1.05351012430203462473e-11
6 55 -4.30041972459143316942e-12
6 56 -1.96265065891691723158e-12
6 57 1.18474239908207494347e-14
6 58 1.96804195948408982843e-13
6 59 2.34847061676360880254e-13
6 60 -1.54153266783083391609e-11
6 61 1.63518503528427166828e-11
6 62 2.03162173734716987379e-12
6 63 1.44180467795711116397e-12
6 64 -7.60473321681601284249e-13
6 65 -5.91486206080435010399e-13
6 66 -5.95502750333024297154e-12
6 67 1.25598410294522197891e-11
6 68 2.01681710756200420417e-12
6 69 2.14310448983334745469e-12
6 70 1.30583110852164367977e-12
6 71 8.15370215153849869828e-13
7 0 1.53237488497736426641e-11
7 1 6.59397818958756425809e-12
7 2 9.03469213210485174857e-13
7 3 6.70607479858415604610e-13
7 4 1.01883951925210938905e-12
7 5 1.91471209271837524081e-13
7 6 1.18002561465626556546e-11
7 7 5.17698594335394876774e-11
7 8 -6.49442835671402680130e-13
7 9 2.10193074396773019026e-12
7 10 -1.70637259461520851566e-13
7 11 4.49100144766752856621e-13
7 12 8.18024033746391392366e-12
7 13 1.39997234877643819892e-12
7 14 2.71152388177537698110e-12
7 15 2.25081477746883601085e-13
7 16 3.15988684020563303300e-13
7 17 9.93682957366185424724e-14
7 18 9.85913650294392078753e-12
7 19 7.12242047010438579755e-13
7 20 2.53298421275370532631e-12
7 21 6.69860540253620385469e-13
7 22 4.23935431892255697355e-14
7 23 1.58398318962530184946e-13
7 24 3.60417567245310526370e-12
7 25 9.95568342528055862267e-12
7 26 2.47461876511723934679e-12
7 27 1.69607173410928413494e-12
7 28 1.15091765102029857228e-12
7 29 3.65189975355401646552e-15
7 30 1.44499994992738005872e-11
7 31 2.35599820179483110289e-12
7 32 2.93807513463130891625e-12
7 33 1.21367308381622766279e-12
7 34 4.65804660662039335668e-14
7 35 8.57031404539554413084e-13
7 36 1.08492386823959324918e-11
7 37 -8.49037391793496288822e-12
7 38 -1.32002463082073941869e-12
7 39 1.21716321094905500367e-12
7 40 8.73402019613944255458e-13
7 41 3.52739484081385036747e-13
7 42 -5.47281701699919245864e-12
7 43 -3.06125331529893160467e-12
7 44 -2.80044678946885738493e-13
7 45 1.40087918225743587599e-13
7 46 -3.81568427559780490103e-13
7 47 5.62057848376075768558e-14
7 48 7.99016764982083272743e-13
7 49 -1.27005809053230786001e-12
7 50 1.90697888074307730488e-13
7 51 7.75834251231864355352e-13
7 52 1.42334490577431508338e-12
7 53 1.34684806722183825079e-13
7 54 1.05689254861643772549e-11
7 55 1.48320443639962170269e-12
7 56 -5.81715402693990474821e-13
7 57 1.12649300127839399952e-12
7 58 -1.47209017110756959473e-13
7 59 2.31513997743367356002e-13
7 60 -1.21759554778679296587e-11
7 61 5.05079655410484246477e-12
7 62 3.63068178999356570024e-12
7 63 1.75910900403291866453e-12
7 64 1.79072252974962393327e-12
7 65 -1.67266337180115069543e-13
7 66 -2.49689344041902684075e-11
7 67 2.02271456587917071252e-12
7 68 1.77173157270616521899e-12
7 69 7.34985452160952582789e-13
7 70 -5.73977970464659261257e-13
7 71 7.80403530574271397253e-13
8 0 1.70484577707301209076e-12
8 1 -1.26111950333675964855e-12
8 2 8.35591138976705359076e-14
8 3 5.40101327967162539244e-13
8 4 3.33539149900163808105e-13
8 5 3.77813837744263548595e-14
8 6 1.93572107878233501939e-12
8 7 -6.49442835671402680130e-13
8 8 9.78950567061326156896e-12
8 9 -2.26053841902922028323e-13
8 10 2.68187488219255761860e-13
8 11 -3.81830354564456457248e-14
8 12 -2.29073137628703069205e-12
8 13 -2.77336877347751110022e-12
8 14 3.56892380972844278614e-13
8 15 -2.03274792989896486979e-13
8 16 1.38396753110747128482e-13
8 17 2.30371820945706958356e-13
8 18 -1.82160452915334011481e-12
8 19 2.36550152348688040936e-13
8 20 5.11724741117217877390e-13
8 21 1.25235802873120858117e-13
8 22 2.39958921063378352885e-13
8 23 5.87487974394798354702e-14
8 24 3.12186925219454740054e-13
8 25 4.74990602912636749417e-13
8 26 7.62232822538217388223e-13
8 27 2.28999241842448807338e-13
8 28 1.94732253721222493234e-13
8 29 1.30460728944533506247e-13
8 30 -3.60373488376617702096e-12
8 31 -6.83765269313861335150e-13
8 32 6.53624386132451034654e-13
8 33 8.16213805060938283607e-14
8 34 3.10090530420748000934e-13
8 35 5.38255305671160739193e-14
8 36 2.06245089545112305435e-12
8 37 -2.30966092383321356034e-14
8 38 -9.22881047107055362863e-13
8 39 2.50857912673779731363e-13
8 40 -8.26558613232086493234e-14
8 41 2.23155342983608648653e-13
8 42 2.02987598738273658237e-12
8 43 -2.37381967362655463314e-13
8 44 1.33839178079295386671e-13
8 45 8.07502110043457000468e-13
8 46 1.72516862945297150194e-13
8 47 2.82411286836681919315e-13
8 48 1.98172705041651955938e-12
8 49 -6.59529085606357013141e-14
8 50 6.06739841702835125912e-13
8 51 6.47203877084907748623e-13
8 52 5.47458366743979503985e-14
8 53 2.03033818508005749469e-13
8 54 1.50160267115385462294e-12
8 55 -8.29230307812269493775e-13
8 56 7.34991307016633786861e-13
8 57 -1.28906757631988126584e-13
8 58 1.04376001122319863007e-14
8 59 5.10336754711493898958e-14
8 60 -2.93838904280154010529e-12
8 61 8.68834053359748810912e-13
8 62 -4.58235813597503863066e-13
8 63 9.25529025761982622327e-13
8 64 8.57744258692022225368e-13
8 65 5.41607889665763259605e-13
8 66 -2.57027118277031009197e-12
8 67 2.04907476375735067458e-12
8 68 2.65684620676010716231e-13
8 69 9.41400418564823671367e-13
8 70 -1.79608617284875564902e-13
8 71 8.80802894463818723046e-15
9 0 2.86285169102031653200e-12
9 1 -6.88936783695881033928e-14
9 2 -1.74621419788678844055e-13
9 3 -6.75704663412269602587e-14
9 4 -7.32851733885695070384e-14
9 5 -2.94746114748114812266e-14
9 6 1.47836344320483722894e-12
9 7 2.10193074396773019026e-12
9 8 -2.26053841902922028323e-13
9 9 1.85123607128953702181e-12
9 10 3.17675749381914996016e-14
9 11 5.70076493068610122679e-14
9 12 9.75679206043689406806e-13
9 13 3.33966820745841385932e-13
9 14 2.06855834705497714156e-13
9 15 -3.13577211696942344090e-14
9 16 -3.59341062954419367820e-14
9 17 -1.01828928975194367032e-13
9 18 -8.37238522933924803097e-13
9 19 2.35967127475345010465e-13
9 20 -8.45036135231482104464e-14
9 21 6.07897310743627589966e-15
9 22 5.93192329998210981442e-14
9 23 -8.29389740187658867506e-15
9 24 8.88777863274475569373e-13
9 25 1.50285806221706062217e-12
9 26 2.70969516052911303420e-13
9 27 -4.83934413714615445608e-14
9 28 -1.85426243309519837302e-13
9 29 -1.13755816660256517093e-13
9 30 6.90711007563506941216e-13
9 31 -1.17332042662970552080e-14
9 32 2.13359346381451825978e-13
9 33 1.17825915505098952206e-13
9 34 9.54312608456304319606e-14
9 35 8.38037001680084746281e-14
9 36 3.11618644001155150626e-13
9 37 4.75498119476292313339e-13
9 38 1.79891950001155820001e-13
9 39 -3.86191679274279982336e-14
9 40 -1.78994327642098912532e-13
9 41 -2.18833103579873718943e-13
9 42 -2.10325015894423291325e-12
9 43 -8.76892888850854767710e-13
9 44 2.15242455778106565911e-13
9 45 -3.18353884564719113817e-14
9 46 2.67917703933755486552e-14
9 47 8.04803992065716709769e-14
9 48 -4.32075595118377355341e-14
9 49 7.45107078607496584152e-13
9 50 -1.32525417801297117054e-13
9 51 9.88816134264072864784e-14
9 52 -1.30104450283657155355e-13
9 53 -1.84637746227374878918e-13
9 54 -4.17420915863177707012e-13
9 55 -4.04317830528912215656e-13
9 56 -8.98993888603611565249e-15
9 57 2.01365934284262446873e-13
9 58 1.47220226711296592113e-13
9 59 1.04551915745686922598e-13
9 60 4.05613760955465001238e-13
9 61 7.14709508892516424117e-13
9 62 -1.36436689849890018538e-13
9 63 6.48358746848663213074e-14
9 64 -1.95180015368538710831e-13
9 65 -1.95795269475352279904e-13
9 66 9.37902850450969213267e-14
9 67 1.91721548123130220439e-13
9 68 4.08767710291082711694e-13
9 69 3.12708223206548483766e-14
9 70 -9.00883729500478827208e-14
9 71 7.09912274893076456861e-14
10 0 3.27632151619405642316e-13
10 1 -4.48021128421971106236e-13
10 2 1.89072196720346838240e-13
10 3 8.36384749282874483908e-15
10 4 -4.88637326377518249470e-14
10 5 4.74128779094883458040e-15
10 6 5.92559982227810424975e-13
10 7 -1.70637259461520851566e-13
10 8 2.68187488219255761860e-13
10 9 3.17675749381914996016e-14
10 10 4.62377339365053954592e-13
10 11 3.41135285262204031628e-14
10 12 1.18998672004788534246e-12
10 13 2.11241788507195276867e-13
10 14 2.28485006545237304116e-13
10 15 8.90948401467625747638e-14
10 16 3.46405236170220011945e-14
10 17 -9.32563929916229040098e-15
10 18 -7.09553312026422170483e-13
10 19 -3.84733256658459079416e-13
10 20 1.93155030874523960236e-13
10 21 -4.67381285604905144143e-14
10 22 8.95415790372648575303e-14
10 23 4.44790575697836511983e-14
10 24 1.59114535130316134176e-12
10 25 -1.98863066715077736171e-13
10 26 2.92575753449554161768e-13
10 27 1.28198679770913944302e-13
10 28 2.97116785375756201195e-14
10 29 -1.62929146423615386152e-14
10 30 -5.31402967344029273374e-13
10 31 -4.19172795240573978207e-13
10 32 3.84959263115913146555e-13
10 33 -1.11445936666249839329e-13
10 34 9.60570805447761378394e-14
10 35 2.39307224613934861351e-14
10 36 -1.69141936573442978884e-12
10 37 -6.66674504344755462491e-13
10 38 9.54906265086321731425e-14
10 39 6.77805933566014071584e-14
10 40 4.20847083926760593111e-15
10 41 -4.42638406223207957672e-14
10 42 2.90764211801775727447e-13
10 43 -7.83745722856543119016e-13
10 44 9.41060501815716290355e-14
10 45 1.20321759028401719646e-14
10 46 -3.45357620577466280498e-14
10 47 1.30702290204381613145e-14
10 48 -9.78946533290269658382e-13
10 49 -8.36090478407622077027e-15
10 50 -1.02634475941643783376e-13
10 51 5.95667062928916140407e-14
10 52 6.54374083619835272070e-14
10 53 -3.93628621306913352423e-14
10 54 3.83487795736934535350e-13
10 55 -5.88850621261568952153e-13
10 56 6.85565610016359406243e-14
10 57 -1.45702104041438781315e-14
10 58 1.16759198211944662096e-14
10 59 2.48307436717415810264e-14
10 60 1.56623036600192373905e-12
10 61 6.03152717013583270015e-13
10 62 -8.18279472399504726111e-14
10 63 1.89701730705051255873e-14
10 64 6.09035515574529597343e-14
10 65 -4.24538212899120228995e-14
10 66 -1.08730982879882336705e-12
10 67 5.96077353331756184554e-13
10 68 2.92965424348562826809e-15
10 69 4.05317905982516236652e-14
10 70 1.36665654598100504544e-13
10 71 3.09640945388091602177e-14
11 0 7.01739065524160566854e-13
11 1 4.29885907531701877956e-13
11 2 6.33175885444873284975e-14
11 3 1.54212610937076235441e-13
11 4 3.39162751604862765963e-14
11 5 -1.09640635624946435044e-14
11 6 6.60716793027241552024e-13
11 7 4.49100144766752856621e-13
11 8 -3.81830354564456457248e-14
11 9 5.70076493068610122679e-14
11 10 3.41135285262204031628e-14
11 11 1.50389833526556123827e-13
11 12 8.98309186018068038714e-13
11 13 1.35296359784064988240e-14
11 14 2.92559529854651420193e-13
11 15 1.98647350081308513704e-13
11 16 4.36974282536556509362e-14
11 17 -1.10718842947348539684e-14
11 18 -8.06834808984836571243e-13
11 19 -3.45936548742430424065e-13
11 20 3.80329941063372135177e-14
11 21 5.24519311734047151013e-14
11 22 6.52385473985689537580e-14
11 23 8.91344574285271983687e-14
11 24 -1.91773789731304148593e-14
11 25 5.45392542965492108266e-13
11 26 2.53157056382105975051e-13
11 27 1.75024101216728851098e-13
11 28 6.05761629864983447147e-14
11 29 -2.15691201472909180321e-14
11 30 1.80792086376726894880e-13
11 31 -4.71000589021532508613e-14
11 32 6.17600863527646280886e-14
11 33 7.85733625038699468940e-14
11 34 3.14700805382287535333e-14
11 35 1.06415341132818392058e-13
11 36 6.80976025274429608062e-13
11 37 2.68273158425832343403e-13
11 38 2.36921672590011528779e-13
11 39 2.47667530012351236102e-13
11 40 6.02456652082586099725e-14
11 41 -1.32759879411673210409e-14
11 42 -3.00053472405173551431e-13
11 43 -5.41754684201642620346e-13
11 44 1.78415260867136461573e-13
11 45 4.79662155739051906949e-14
11 46 1.10756047099265360391e-14
11 47 8.47645243391991352680e-14
11 48 6.32997000692912410867e-13
11 49 4.64331553514599634509e-13
11 50 2.05795508541318743710e-13
11 51 2.68723052988174547820e-13
11 52 9.03017524677673209638e-14
11 53 -3.04673094918561504167e-14
11 54 3.52598766834329499372e-13
11 55 2.63592472087738245741e-13
11 56 6.79594777961069848873e-14
11 57 8.69763953482242294094e-14
11 58 5.13317312579712719713e-14
11 59 1.04719576580474166708e-13
11 60 8.70342731289152912751e-13
11 61 9.01682021975890899104e-13
11 62 3.77695189622164117561e-13
11 63 1.30797042121195967847e-13
11 64 1.70880734260857741315e-14
11 65 -2.44056343892946815709e-14
11 66 8.15688321773717299163e-13
11 67 1.17237143100047307197e-13
11 68 2.24178117200417637544e-13
11 69 9.82291021549225494830e-14
11 70 1.24866841869389779339e-13
11 71 9.60960761052686931748e-14
12 0 4.27794057206181320026e-11
12 1 4.08206560860941746667e-12
12 2 1.02673122775753176845e-11
12 3 3.58806566258328311074e-12
12 4 1.03914254583985890015e-12
12 5 4.15080288941480860800e-13
12 6 1.28998574211105269397e-11
12 7 8.18024033746391392366e-12
12 8 -2.29073137628703069205e-12
12 9 9.75679206043689406806e-13
12 10 1.18998672004788534246e-12
12 11 8.98309186018068038714e-13
12 12 1.35865582143879990312e-10
12 13 1.02612935468979036930e-11
12 14 1.02263350233442523785e-11
12 15 3.73182433508878530213e-12
12 16 2.81151741474717814446e-12
12 17 8.64837194506583568616e-14
12 18 -2.64374840757668356882e-11
12 19 -2.90690034819122930035e-12
12 20 1.97709887568075942922e-12
12 21 3.87496902050169917455e-12
12 22 1.93426917837309059696e-12
12 23 1.13391602965468122462e-12
12 24 3.06010445635962514419e-11
12 25 1.44274278066627447426e-11
12 26 5.57304230319402138304e-12
12 27 4.55765306373503500179e-12
12 28 2.94925879522907144154e-12
12 29 2.19599862453129863090e-13
12 30 8.75454517097556430396e-13
12 31 4.68176880408289995674e-12
12 32 3.82054768911941465221e-12
12 33 2.91216080246839584582e-12
12 34 1.28473913668115777940e-12
12 35 1.45387985774610293264e-12
12 36 1.98115478323897422898e-11
12 37 1.62340493693236450269e-11
12 38 1.04772079514266421709e-11
12 39 6.05942226120462156679e-12
12 40 2.91361053295123571422e-12
12 41 -5.78111116427251457065e-14
12 42 8.78208777062492230921e-12
12 43 9.20697671987064831715e-12
12 44 5.26056822164882865929e-12
12 45 3.36479475925431348507e-12
12 46 1.42975997849244554913e-12
12 47 1.11300218606027361894e-12
12 48 3.46385241588805065327e-11
12 49 1.47191505478360384225e-11
12 50 9.67191712275596219948e-12
12 51 6.80501433394447720798e-12
12 52 3.32666826234983905936e-12
12 53 4.04712537363977862527e-13
12 54 1.40362011342920697484e-11
12 55 -2.71466165635073065946e-12
12 56 5.14938833640748018571e-12
12 57 2.87533496991848093529e-12
12 58 5.66987218304384718084e-13
12 59 1.60062862638266776554e-12
12 60 5.42511679388872394166e-11
12 61 1.65127390049046357757e-11
12 62 1.23558739556428946668e-11
12 63 7.32609225073497100092e-12
12 64 4.62416655251052920994e-12
12 65 6.04426622234500700555e-14
12 66 -7.89731074389002008557e-14
12 67 -1.55593732410083710744e-12
12 68 5.35496145810981611445e-12
12 69 3.95581091635487653311e-12
12 70 2.31103904753928517317e-12
12 71 1.69153382037864344683e-12
13 0 1.42706787118654797676e-11
13 1 5.86026858201386112618e-12
13 2 1.08513686446212609601e-12
13 3 1.05207584713079411557e-12
13 4 6.49535524320456706314e-13
13 5 -1.85661072430352878434e-13
13 6 5.47322941876778838388e-12
13 7 1.39997234877643819892e-12
13 8 -2.77336877347751110022e-12
13 9 3.33966820745841385932e-13
13 10 2.11241788507195276867e-13
13 11 1.35296359784064988240e-14
13 12 1.02612935468979036930e-11
13 13 2.54939732793866592898e-11
13 14 3.07256958211506094441e-12
13 15 1.32349966701026062475e-12
13 16 3.74962717820438524092e-13
13 17 -1.86819838544838027183e-13
13 18 -6.25233258740077604635e-13
13 19 -2.34380745495452674683e-12
13 20 1.43861698011412113373e-12
13 21 5.02937775999922827626e-13
13 22 6.50861614041438891261e-13
13 23 2.50071218646934588629e-13
13 24 4.30038393951221594600e-12
13 25 4.20659064537671764023e-12
13 26 2.24509521296976372452e-12
13 27 5.21859016397630814849e-13
13 28 2.09809700973533844041e-13
13 29 -2.45776314924873433376e-13
13 30 -3.30100929267582689489e-12
13 31 7.31109099087625224085e-13
13 32 5.36997226962903579492e-13
13 33 5.90717301824647832574e-13
13 34 5.91795948982497717238e-13
13 35 -2.64272446998662965639e-15
13 36 1.77658113168832952519e-11
13 37 6.22238100646204254312e-12
13 38 4.74022436089172931970e-12
13 39 8.49412684918376526858e-13
13 40 -3.69219252461226624268e-13
13 41 -3.38828039020225345568e-13
13 42 -1.31748300851193794369e-14
13 43 4.43809904832089292619e-12
13 44 1.02580444935697660575e-12
13 45 5.85930843464245742697e-13
13 46 1.14091803878829950055e-12
13 47 4.78533553836777015221e-13
13 48 2.66740955744174409664e-12
13 49 4.31852372674299979702e-12
13 50 2.63166985437620160334e-12
13 51 1.67166664445940589168e-12
13 52 1.14634102273958688180e-13
13 53 -9.05290198828136459479e-14
13 54 -1.71181586727154022500e-13
13 55 -2.97516787497013894566e-14
13 56 3.38908900860263382035e-13
13 57 8.33774496178253674754e-13
13 58 9.52039582169072392630e-13
13 59 2.19104012535344390918e-13
13 60 1.13579995325017797337e-11
13 61 1.05119040945162222997e-11
13 62 5.90702687867167292222e-12
13 63 7.20972689212422743811e-13
13 64 -6.37909051707368651046e-13
13 65 -8.44685603744740506733e-14
13 66 -6.94845836061930140295e-12
13 67 2.94372037250370554568e-12
13 68 2.72089693751793281241e-13
13 69 1.36678423320585379321e-12
13 70 9.54791440715705460899e-13
13 71 -1.90288895534113680269e-13
14 0 8.19177227718562851623e-12
14 1 3.23704888628501909128e-12
14 2 3.02491512018395374920e-12
14 3 1.23571367197994752199e-12
14 4 2.71024565822820668054e-13
14 5 1.81027730241338985264e-13
14 6 2.22383582596142657008e-12
14 7 2.71152388177537698110e-12
14 8 3.56892380972844278614e-13
14 9 2.06855834705497714156e-13
14 10 2.28485006545237304116e-13
14 11 2.92559529854651420193e-13
14 12 1.02263350233442523785e-11
14 13 3.07256958211506094441e-12
14 14 6.40800566649893418734e-12
14 15 9.84447201705438931161e-13
14 16 5.28921160978507282678e-13
14 17 2.47244713372627592369e-13
14 18 -1.38463747908724238750e-12
14 19 8.33565550626183405169e-13
14 20 6.77975512759347314231e-13
14 21 8.72046392921159718353e-13
14 22 4.06008893646781320658e-13
14 23 3.53359678115717075471e-13
14 24 2.80951389520503274735e-12
14 25 3.60222161081158916006e-12
14 26 3.07606177368644560451e-12
14 27 1.02671102301744149824e-12
14 28 5.83804460481821020235e-13
14 29 3.79010493903197797418e-13
14 30 -1.80391114548286259235e-12
14 31 2.30058797827341807169e-13
14 32 7.35277825878178367025e-13
14 33 4.91696783207263087676e-13
14 34 5.07935327932703311233e-13
14 35 2.72821849676447778696e-13
14 36 9.07998896773741256486e-12
14 37 3.78936747281721798233e-12
14 38 2.32714237845455975942e-12
14 39 1.77403952327267311464e-12
14 40 6.40783049826297186345e-13
14 41 3.10270325597299411436e-13
14 42 -2.14005373346605511743e-12
14 43 -7.94120800467884747574e-13
14 44 3.64686028712946098817e-13
14 45 5.04510866388127159736e-13
14 46 2.94893769054457166339e-13
14 47 3.77999443381385152400e-13
14 48 3.60262554420934496637e-12
14 49 4.11940349639262172518e-12
14 50 2.36643173398137909426e-12
14 51 1.82803329474454203013e-12
14 52 7.60701746766176856318e-13
14 53 4.19239940622396385304e-13
14 54 -1.87393088579615857200e-12
14 55 -9.89417980790234481342e-13
14 56 3.25800758558180318668e-13
14 57 5.30300334594591374013e-13
14 58 4.07871874906139668220e-13
14 59 3.63945717882175286022e-13
14 60 7.43116401370278029350e-12
14 61 6.26461729475688264275e-12
14 62 4.17119042999071260222e-12
14 63 1.76981355476863437262e-12
14 64 6.02882887380727263049e-13
14 65 4.97083495917938336662e-13
14 66 6.76887073007554432149e-12
14 67 1.63769454461853950154e-12
14 68 1.54348408879409189740e-12
14 69 7.64138077840581958336e-13
14 70 5.45384660758333466090e-13
14 71 2.61011452741432650572e-13
15 0 -2.37837482388648081530e-14
15 1 1.12802032033313953657e-12
15 2 6.27877019140284090670e-13
15 3 9.96106250940199959295e-13
15 4 3.20608111798967869008e-13
15 5 2.25118803615518179998e-14
15 6 -6.02293113810633683374e-13
15 7 2.25081477746883601085e-13
15 8 -2.03274792989896486979e-13
15 9 -3.13577211696942344090e-14
15 10 8.90948401467625747638e-14
15 11 1.98647350081308513704e-13
15 12 3.73182433508878530213e-12
15 13 1.32349966701026062475e-12
15 14 9.84447201705438931161e-13
15 15 1.86386461986432430304e-12
15 16 4.42550007161421688857e-13
15 17 4.80658845606591216336e-14
15 18 -2.56446938762171179859e-12
15 19 -8.44290574573776669593e-13
15 20 7.12922903452659110035e-14
15 21 1.61390766134400398689e-13
15 22 2.56226697105920383954e-13
15 23 2.01751645599959514612e-13
15 24 7.03209754407900027519e-13
15 25 5.56179955486468506097e-13
15 26 1.28132346404013579821e-12
15 27 8.94582289803559993115e-13
15 28 5.71581693080702985729e-13
15 29 1.15988986503365617490e-13
15 30 -4.46904764788444255070e-13
15 31 -3.00748276485924775215e-13
15 32 1.90558889740048327705e-13
15 33 6.33687751450707366644e-14
15 34 1.75951336801784198035e-13
15 35 1.91331097814879761078e-13
15 36 4.74461213428541128625e-12
15 37 1.59401189582652471828e-12
15 38 1.00406852157473266708e-12
15 39 1.19155042210955341189e-12
15 40 3.46924991929635838714e-13
15 41 7.14863758754657878273e-14
15 42 -1.85207617868379527467e-12
15 43 -5.91090432687655156963e-13
15 44 -3.13677391626280563939e-13
15 45 4.08113216015205392532e-14
15 46 1.80829028594777162596e-13
15 47 2.39577425973715731652e-13
15 48 -5.98411738726120032619e-13
15 49 1.73978859607222111360e-12
15 50 1.53890698360809889111e-12
15 51 1.24983385903244165102e-12
15 52 4.30279266621237458100e-13
15 53 1.53971838474812989839e-13
15 54 2.07006768385720772858e-14
15 55 1.33131024040938474736e-13
15 56 3.15801820847033631694e-13
15 57 1.45040228485564652799e-13
15 58 2.68788010691263590449e-13
15 59 1.85326141198337287666e-13
15 60 5.66448066660118095607e-12
15 61 3.02541004765194903670e-12
15 62 2.20371402059223240537e-12
15 63 1.06582102468411432727e-12
15 64 4.81387019674687180057e-13
15 65 2.09082634603593219962e-13
15 66 1.13770825993583704907e-12
15 67 -3.40598207204060906861e-13
15 68 4.05622709452718517065e-13
15 69 3.18531295412041823741e-13
15 70 3.15209997849906744686e-13
15 71 1.84539058286057922565e-13
16 0 5.19705290159557042510e-13
16 1 1.06437819128076946316e-12
16 2 6.52149112106717518579e-13
16 3 2.78072210740874775565e-13
16 4 3.99322280827801353813e-13
16 5 6.80386248762714910290e-14
16 6 -8.70059276961880073225e-13
16 7 3.15988684020563303300e-13
16 8 1.38396753110747128482e-13
16 9 -3.59341062954419367820e-14
16 10 3.46405236170220011945e-14
16 11 4.36974282536556509362e-14
16 12 2.81151741474717814446e-12
16 13 3.74962717820438524092e-13
16 14 5.28921160978507282678e-13
16 15 4.42550007161421688857e-13
16 16 5.90481732381880764008e-13
16 17 1.28263063871802433335e-13
16 18 -8.59338546330824432133e-13
16 19 2.98674630995099605306e-13
16 20 -1.77023331335002215152e-13
16 21 1.71225086822219404080e-13
16 22 1.05434743358838017058e-13
16 23 6.58109786403332651229e-14
16 24 1.02126741848341042580e-12
16 25 2.74983044554399466477e-13
16 26 7.78892839946329660010e-13
16 27 4.48644318612878469570e-13
16 28 5.36955939644231521892e-13
16 29 1.59305191804317902283e-13
16 30 -7.72613248371658951399e-13
16 31 3.65713967326258115697e-13
16 32 1.16682250990228695266e-13
16 33 1.05626886423111225546e-14
16 34 2.17241850238547043278e-14
16 35 7.33197326315669454214e-14
16 36 1.73776746143108930831e-12
16 37 3.21848789423239598843e-13
16 38 6.89282513398685291124e-13
16 39 4.40604001425677438608e-13
16 40 4.49986117295267703709e-13
16 41 2.42307472470534103467e-13
16 42 -2.61278602412457234626e-13
16 43 2.90754537754379083531e-13
16 44 -9.79131824677934858128e-15
16 45 6.89438791733128889928e-14
16 46 -8.29277071732913304536e-15
16 47 4.85047727721791925476e-14
16 48 8.08095884782240853958e-13
16 49 1.14060714184318318208e-12
16 50 5.07558587888157029438e-13
16 51 5.12923838019649152089e-13
16 52 4.82735101596914096582e-13
16 53 2.68819003729396235578e-13
16 54 -1.19897642832795678506e-12
16 55 4.65470180219441542767e-13
16 56 4.29598568783878396589e-13
16 57 3.88651107176844842276e-14
16 58 1.97750143462497823226e-14
16 59 7.64891521422399252488e-14
16 60 3.68965178319081911513e-12
16 61 3.17179030694550756855e-13
16 62 5.39874490154571690518e-13
16 63 5.70341697618191832753e-13
16 64 5.28705743352325895343e-13
16 65 2.75852743877082739805e-13
16 66 -3.37482979680065618659e-13
16 67 1.41678766257538943280e-13
16 68 3.38971933232075272598e-13
16 69 1.89963219775707060009e-13
16 70 1.51525204847388052501e-14
16 71 6.06002543427864872393e-14
17 0 1.24825523990990584762e-13
